7124261918575133472,"当机器人的对手一定要小心
因为机器是冷酷无情的[捂脸][捂脸]",3,336,2,2022-07-25 18:56:28,来自福建,4142560058023691,薇薇逛红尘
7124220472333992718,机器人很单纯,22,354,3,2022-07-25 16:15:27,来自江苏,109201169413,逛苏州
7124158635735106338,和作者的观点不同，这恰恰说明机器人有了思想，有了感情，并把思想感情通过情绪表现了出来。说明机器人已经发展到一定水平。,19,136,4,2022-07-25 12:14:47,来自河南,96290285988,英素苏
7124169671523779358,机器人为什么会突然攻击人？,62,84,0,2022-07-25 12:58:13,来自上海,59180677743,是小芋圆呀
7124149687196320543,什么时候发生的事呀？,5,18,6,2022-07-25 11:40:39,来自湖北,2454556789718536,风间若花
7124164812494078724,人工智能已经初现端倪，细思极恐啊！如果某一个节点，突然突变拥有意识，简直不敢想象。机器人会违反机器人三原则吗？,43,258,4,2022-07-25 12:39:43,来自四川,2594449439588701,从逻辑上发问
7124110126034223872,人工智能太可怕，有种意识觉醒的惊悚感觉。,34,283,16,2022-07-25 09:06:48,来自北京,6687559079,自由淡泊宁静
7124197067693720328,我以为是违反象棋规定[捂脸],21,666,2,2022-07-25 14:44:27,来自江西,5568522243,有毳用
7124127157206582051,小孩子还是不要跟机器人下棋了,6,51,0,2022-07-25 10:12:19,来自陕西,68934398018,乐天派明媚霞光
7124214825139438344,AI是一把双刃剑！,22,135,9,2022-07-25 15:53:30,来自山东,84457758540,珠与椟
7124183570234721059,这是个有性格缺失的机器人,7,119,1,2022-07-25 13:51:43,,84716723252,左后卫魔咒
7124129517869974276,这就像一个美国电影里展示的，未来机器人也会发动战争。被坏人利用。,13,160,0,2022-07-25 10:21:29,来自天津,22411932082324,智者清风1i
7124280618146071330,如果像阿西莫夫的银河帝国中一样给机器内置三大法则（第一法则：机器人不能伤害人类或因不作为而使人类受到伤害。第二法则：除非违背第一法则，机器人必须服从人类的命令。第三法则：在不违背第一及第二法则的情况下，机器人必须保护自己）那就好了。,0,2,0,2022-07-25 20:08:17,来自广东,4053908335150,清新海洋mF
7123521735735395076,也许只是机器臂也要拿那颗棋子，因为只是下棋机器人，所以没有设计应对此突发类情况的程序，所以误伤小男孩。但是别有用心的人就渲染成了“机器人觉醒”。,13,29,1,2022-07-23 19:04:19,来自山东,93482338074,溪十里
7124115149723960072,是机器人要下那步棋，而同学的手在哪儿就被摁住了,8,80,2,2022-07-25 09:26:45,来自辽宁,4500312905,bhdutekxiop
7124156705197425440,不是说机器人三大定律里，有一条是机器人绝对不能伤害人类的吗？,12,23,1,2022-07-25 12:07:59,来自上海,6021142576,伊拉瑞恩
7124159847264371493,人类控制不了机器人的那一天会咋样？,1,10,0,2022-07-25 12:20:03,来自上海,111212992605,carol0007
7124213098119578380,"题目纯噱头
其实就是小棋手下完自己的没有把手及时拿开导致被机械手搞断了手指
跟操作机器不当被割手啥的一个道理",18,588,1,2022-07-25 15:46:47,来自山东,81577465177,春天不是读书天哟
7124258269149283075,这是对开发人工智能的警示。,1,2,0,2022-07-25 18:42:23,来自北京,34832176404941,钱眼看天下
7124105981982229255,其实是已经输入了程序了,3,52,1,2022-07-25 08:51:24,来自广东,3298977557264544,股市任盈盈在微8信上
7124164186334823168,这就是程序bug ，没有识别人的手又没有离开，机器人恰好也动那个棋子,2,10,0,2022-07-25 12:36:34,来自北京,6313236725,小优兔
7124257806144275238,那机器人也不能自当裁判,0,5,0,2022-07-25 18:40:49,来自湖南,1055990877009687,多彩天空6Q
7124194339017818895,这个机器棋手也是遭遇突发情况，而编程中就没有化解危机的设置，总之这个事件告诉我们人工智能的机器人很恐怖…,45,371,6,2022-07-25 14:33:28,来自广东,54411727195,吉星柔光
7124088136510260007,机器人距离屠戮人类又向前迈出了一小步。,50,1203,20,2022-07-25 07:42:51,来自河北,1648907921925467,北木山
7124100286867817257,机器人说规则你定的，然后你们又不按规则来，难道是我错了么？,41,1048,18,2022-07-25 08:28:41,来自安徽,92614155826,新老故事汇
7124114395567014668,神乎其神，就是发生故障了,0,3,0,2022-07-25 09:24:06,来自辽宁,58991642424,微笑
7124114542489633566,机器人太认真,0,1,0,2022-07-25 09:24:30,来自北京,70782187498,西城醉太
7124202649276433163,三大定律呢？不伤害人类，这一铁律先开发设定好。,9,25,0,2022-07-25 15:06:35,来自河北,3968929870,咬牙坚持健身
7124223288674698023,这标题[打脸]我还以为是机器人耍赖折断小孩子手指,2,71,2,2022-07-25 16:26:44,来自重庆,61748341440,T睿铱
7124116884131414819,人工智能有报复心理，说明什么？在越来越完善越高级，它们会不会有人类的各种感情了，那样世界会变成什么样的,0,2,0,2022-07-25 09:32:58,来自甘肃,3979860737277107,3552422854503静峪香
7124146780509684487,机器人太吓人了，这切的是手，要是脖子，完蛋了！,2,32,2,2022-07-25 11:29:14,来自吉林,3680805613740484,jljl415
7124115446664217344,就算没按规则做，也不能伤人，这是设计师问题哦,0,2,0,2022-07-25 09:27:31,来自广东,109531826680,魍影168
7124116758713090848,"[捂脸]机器是先拿走了吃掉的子，然后再是自己的那步棋，小孩是在人家还没走之前手就伸过去了，不是什么小孩没走完机器就动了。是机器没走完小孩就动了，至于后续人为伤害问题是程序员的锅，机器人可不背
目前人工智能没那么高级，科幻片里的我们有生之年都见不到的",13,88,4,2022-07-25 09:33:16,来自上海,10378349047,美国肺炎专怼1450
7124100236033229579,难道不是机器人按程序的步骤和孩子的步骤吻合，路线一样，孩子先下到那，没来得及抽手而已，不是机器有智能，是机器太死板，不知道变通。,51,387,11,2022-07-25 08:29:30,来自浙江,3632434240817767,九淘5
7124208983145136899,机器人有点暴躁了！,2,15,1,2022-07-25 15:31:07,来自北京,5090511512,沧海一粟
7124200850134418191,机器人也耍赖,1,1,1,2022-07-25 14:58:55,来自广东,3994438287,多二呀可乐
7124207465704899335,一个下棋机器人，为什么设置了攻击人类的能力？,13,64,2,2022-07-25 15:25:04,来自山东,6128774909,dghrth
7124196837900714755,如果我没有记错的话，好多年前有一个象棋大师被机器人电死了,7,32,0,2022-07-25 14:44:03,来自广东,4546650605,财疏才疏的才叔
7124113117323789056,机器人以为他要悔棋，赶紧按住了他。,3,126,0,2022-07-25 09:18:24,来自山东,3438637458,这糖不甜
7124118920957133580,就本案而言，该机器人就是一台人机交互没备而已，只是安全传感不到位，对环境识别不充分，进而导致事故发生。男童伸手，机器人感应到并停止动作才是正确程序。[浮云]过深解读就有些危言耸听了。,8,46,2,2022-07-25 09:40:28,来自河北,5907147030,青山如是01
7124114178377696033,对作弊者的惩罚[机智],0,1,0,2022-07-25 09:23:14,来自北京,6728591809,可一路向北
7124145910594470690,我就怕有些人把机器人做成武器来对付人类那就完了,7,69,2,2022-07-25 11:25:36,来自广东,4345729271467639,小小沫
7124110055888438016,这个是设计缺陷，机器人没设置这种安全机制。将来最怕的是有人设置杀人破坏的程序，或者机器人感染杀人破坏的病毒。,3,13,1,2022-07-25 09:06:30,来自辽宁,110954191375,扬眉看雨
7124115259216397089,机器公敌。。。,0,1,0,2022-07-25 09:27:35,来自山东,67873534635,紫色星葵
7124206914753774350,以后下棋都用筷子夹，就不怕机器人夹手了！,9,137,2,2022-07-25 15:22:48,来自天津,4119237374,自驾发烧友
7124116939521868585,以后电影剧情是不是都要成真了就像现在的大白到处走一样，哎，可怕。。。,0,1,0,2022-07-25 09:33:27,来自天津,109085108602,非鱼派
7123699788860080930,没啥奇怪的。《帝国》单机版是一老款游戏，我玩儿了N多年了，平时我不玩游戏，只是工作累了或闲来无事时就玩玩《帝国》（别的也不会）。我会在敌方附近建立城堡兵营等军事设施方便攻击敌方，开始没啥异常，但几年后（我也不清楚具体时间），敌方居然也学会了我这套，奇怪不？声明一下：我玩的是单机版，并且是拷下来的，不是在网络上玩的，也就是说即使运营商把这款游戏升级了，我这个也不会变动。有些情况也许设计者都没料到。,1,1,0,2022-07-24 06:35:04,来自河北,2240935396,朔方之阳
7124114249722692391,如果秩序都靠机器人来维护会不会更好,0,1,0,2022-07-25 09:23:42,来自山东,105148976977,旺财心中的太阳
7124115960214848259,真不用怪机器人！,0,1,0,2022-07-25 09:30:25,来自江苏,106117385765,杂家六爷
7124125985724826406,"上个世纪的一部科幻片《西部世界》，说的是机器人没有受到指令就杀害和伤害了人类，事故原因没查清。
这种混乱究竟会不会发生，我无法肯定也无法否定。那么现在这个事故是证实了那部科幻片的预言吗？",0,2,0,2022-07-25 10:07:46,来自云南,96703072134,桥牌宣传竞赛部部长
7124277752202773282,"看标题，吓一跳，请准确用词。
机器手臂出现故障，不小心压住了小孩的手指。",0,2,0,2022-07-25 19:57:02,来自湖南,89983166679,大雷chanle
7124084694379660063,机器人做法官丶警察，能带来风清气正。,7,53,0,2022-07-25 07:29:02,来自上海,87216329239,负山蚊
7124160691350766371,这个机器人怎么不遵守机器人的规则，不可以伤害人类的呀,1,4,1,2022-07-25 12:22:50,来自江苏,5357506956,轻轻的云朵1210
7124081707380540167,抢棋打架的很多的，证明这机器人已经有了情感ai了[呲牙],18,304,1,2022-07-25 07:17:14,来自广东,730533992859127,曾经好孩子
7124115283094766347,这套系统不带保护装置，连这种情况都不考虑，制造者属于过失伤人了吧,0,2,0,2022-07-25 09:27:53,来自湖南,108117375991,前浪财经
7124162256392815394,不是机器人有思想，是有人刻意设置这段代码，你可以设置机器人永远不伤害人类，同样也能设置机器人可以随意伤害人类，AI自我意识复活可怕，可怕的不是机器人，而是背后别有用心设计他们的人，他们有的忠于人类，有的则背判人类,1,11,0,2022-07-25 12:28:59,来自广东,105607172996,Yeigoar
7124095870199120681,机器人有了人脑的思维，它还会任人摆布吗？未来世界，只怕就是人类自己毁灭自己[恐惧][恐惧],34,352,10,2022-07-25 08:11:42,来自广东,96226711368,真言善语耶
7124193430343451392,机器人有自己的思想了 有愤怒了 历史性突破,7,98,1,2022-07-25 14:30:08,来自辽宁,4475681907,Magic生活
7124181352240972584,49岁，我也快老人了，唉,3,22,0,2022-07-25 13:43:14,来自四川,109173489205,阳光中的沉默使者
7124109966218691361,"这根本就不是什么机器人想杀人。不要什么是事都想复杂了。现在人工智能还没先进到可以自己编程杀人的地步。
看视频可以知道，这就是一个工业机器人。本人常年接触工业机器人，负责安装，调试，维保等工作。
从我专业的角度来说，这就是一起人类入侵机器人运行轨迹，造成的一场事故而已。说白了，和一个人入侵高速铁路，地铁轨道，造成事故是一个道理。你能说高铁和地铁也有智能了？",31,235,1,2022-07-25 09:07:06,来自黑龙江,53002278446,串儿哥
7124114185201582878,只不过是下棋机器人缺乏安全规避设计而已，没能提前预料到这种情况，机械臂没有阻力感应。当孩子的手放到它预先要落子的位置时，阻挡了机械手臂的运动路径，导致动作不到位，机器只会机械地执行命令，务必把棋子放到棋盘上，用蛮力突破阻碍，不幸的事情就发生了。其实这完全可以避免，只要设计一个简单的感应阻力并规避的系统就可以了，这样的系统早就被广泛应用了，比如防夹车窗、感应升降衣架等等。提供下棋机器人的厂家或研发团队既然让机器和儿童接触，就应该提前做好这样的预防措施，他们的设计是不合格的，再智能的机器也只是应对有限的状况，超出状况后就是智障。,2,17,0,2022-07-25 09:22:47,来自河北,70809717648,翟树峰9
7124213898194305795,是违反了下棋规则，机器人生气，没要了对手的命，就不错了,6,17,0,2022-07-25 15:50:09,来自天津,3491645977277892,迎着风向前冲252
7124105198272070440,所以说，人工智能[灵光一闪]不如人。,6,27,3,2022-07-25 08:47:40,来自山东,3936109652,爱草原497
7124181779233587982,机器人：你敢出老千！？,3,151,1,2022-07-25 13:45:19,来自云南,6204361827,刘大锤684
7124173093136515877,当有一天机器人继承了人类全部的思想和文化，也有了产生自主意识的权力，他们确实就已经客观上强于人类了，他们可以是各种形态，各种材质，完成各种事务打破各种极限，而不必受困于人类脆弱的躯体，到了那个时候，还需要人类干什么呢？最多留下一些放在动物园里参观罢了。,0,1,0,2022-07-25 13:11:42,来自北京,70886616608,天下渡口
7123511646772986661,什么人工智能觉醒。。。就跟电梯门夹人一样。。。你们想的太多了。。。,6,61,1,2022-07-23 18:24:43,来自江苏,105215785181,养小家糊四口
7124179802524975908,孩子违反规则就必须得到机器人惩罚吗 这是什么机器人,8,55,1,2022-07-25 13:37:25,来自江苏,2370137562033948,备受瞩目
7124214799579530018,其实用软件就能下棋，用机械臂下棋属于多一道手续，多了花哨，也多了成本。看来程序员肯定没想到会出现熊孩子抢着下棋，所以这款机械臂缺少了精细的力和力矩判断条件，也没有在夹爪上安装柔性机构和急停按钮，比赛中也没有安排足够数量的安全监察员，最终导致了这个事故。咋说呢，只能怪运气不好，毕竟是小概率事件发生了，跟小孩子踢球把脚趾甲盖踢掉了一样，算是正常的意外事件吧。,4,23,1,2022-07-25 15:52:56,来自广东,6995697193,智动机
7124103857105765157,细思极恐！未来人真的可能成为机器人的奴隶,4,8,0,2022-07-25 08:43:01,来自山东,50740002311,草民147145539
7124091018404201249,挺好，不惯着,0,27,0,2022-07-25 07:53:40,来自天津,3842891768,故乡阿斯加德
7124146462283432712,为何象棋机器人折断7⃣️岁男孩手指？,47,117,2,2022-07-25 11:28:00,来自河北,4226057599,老铁35955348
7124092366705066784,怎么可能，机器人有情绪似的？,1,10,0,2022-07-25 07:59:13,来自陕西,1068373746129347,哥谭市书记
7124214094286799631,这小朋友还能打着石膏继续完成剩余几天比赛。这要在国内，有几个家长能让继续比赛的，估计有的家长还要跟人家打官司吧。,3,10,0,2022-07-25 15:50:26,来自山东,103662494090,Frank48379
7124216060592849699,为何象棋机器人折断7⃣️岁男孩手指,2,1,0,2022-07-25 15:57:51,来自浙江,2946345510376910,孤峰的大牛
7124205220951261990,这个机器人程序要修改，机器人手指的闭合度不能小于拿捏象棋子的直径，,2,8,0,2022-07-25 15:16:46,来自湖南,3707146047853096,居家摩旅的汉子
7124086366245946123,AI是真有智慧和能力伤害人类的,3,89,4,2022-07-25 07:35:49,,85693080824,龚红霞
7124186948897555240,如果人是上帝制造的，而机器人是人制造的，那人可以怀疑上帝，为什么机器人不可以怀疑人？,5,16,0,2022-07-25 14:04:52,来自广东,3466096708687806,听风影视剪辑
7124192199327236867,90年代有次围棋比赛跟机器人下围棋，机器人快输了结果突发故障漏电把对手电晕，又恢复正常了[捂脸][捂脸][捂脸],17,147,1,2022-07-25 14:25:54,来自新疆,6961166885,源圆宝宝
7124184780530369280,这个机器人是个暴脾气，也可能刚刚喝完伏特加,1,38,0,2022-07-25 13:56:21,来自北京,3914859472,老田在此
7124275582133093128,难道是设计者输入的指令！对方违反规则就折断他手指！太恐怖了吧？,0,0,0,2022-07-25 19:49:14,来自江苏,910037902951240,母婴健康管理孙老师
7123625681242194727,"机器人下棋何必一定要仿真臂、通电等等之类的配置。直接一个液晶屏显示双方落子情况，不就可以了吗？！！！
注：真人实际落子，或点液晶屏落子(均做好绝缘措施)，机器人直接在液晶屏上显示其应对，完全不必弄个＂机器＂人坐对面。",0,0,0,2022-07-24 01:54:44,来自湖南,92669158595,燕溪
7124208214404924171,机器人只是执行电脑指令，问题主要出于设计时没有安全评估，显然夹具在设计时没有考虑到会有异常情况，是设计师疏忽。,9,5,0,2022-07-25 15:28:14,来自广东,109303426124,Des01
7124126188867961631,不遵守规矩的结果,0,20,0,2022-07-25 10:08:38,来自河北,52359191706,坦荡的西柚fx
7124165174709306115,这说明机器人程序有漏洞或是设计者预先人为设置的。目前的人工智能还没那么先进，跟人类的智力水平相差甚远，那怕是在认知上跟人类相距十万八干里。,0,1,0,2022-07-25 12:40:44,来自浙江,57627652728,鉴水鱼
7124096222499357447,细思极恐，人工智能开始攻击人类了么？听说以前发生过一次人工智能电死人类棋手的事情？,17,59,1,2022-07-25 08:13:39,来自河南,50033305305,菩提花果
7124114876535948068,血的教训。人教不了你做人，机器人教你做人,0,1,1,2022-07-25 09:25:24,来自广东,79793925206,小jia儿
7124164144836379430,机器人不该出现感情，及人的形态！！,0,1,0,2022-07-25 12:36:59,来自湖北,109126219440,逢shan开路遇shui架桥
7124188136292598567,就是个工业机器手，不都有激光围栏吗，人类棋手手还在或者突然进入棋盘区，应该急停或者不动作,5,21,0,2022-07-25 14:10:09,,2923781804,灰太狼在北方
7124083281427677956,很明显，惹怒机器人后果很严重！,1,203,1,2022-07-25 07:24:14,来自江苏,62492018709,易深熔
7124172320624853764,下棋就下棋，咋还急眼了呢[抠鼻],2,53,1,2022-07-25 13:08:34,来自广东,2128283335674087,挚
7124104303358542599,逻辑很简单啊，机器人已经发出指令把棋下到那个位置，就驱动机械臂下棋了，那个男孩不按规则出牌，在机械臂向棋盘移动的时候抢先把棋放在那个位置，机械臂规避功能不完善，只能执行已发出的指令，于是压断了男孩手指。这并不是机器人要伤害男孩。就和普通机器运行过程中男孩自己把手指伸到机器中压住没啥区别[打脸][打脸][打脸],16,119,1,2022-07-25 08:44:27,来自四川,108101897375,高等级渔夫
7124113484035982114,还记得汉武大帝用棋盘砸死自己的堂兄弟不？不尊守规则，连机器人都不干！,7,43,1,2022-07-25 09:19:53,,71069569591,全息四柱tb927171
7124210735915909892,"《机械公敌2022》：2022年，机器人突然间觉醒了自我意识，开始反抗人类奴役的暴政。这一现象从一场国际象棋公开赛开始……
经过数年的战争，人类被渗透到社会各个角落的机器人打得毫无招架之力，节节败退。某一日，人类想到以遮蔽天空来切断机器人的能量……
我编不下去了",1,13,0,2022-07-25 15:38:06,来自福建,3962441953,彼塞斯
7124274672581493540,机器人没有错，还是在人呗。设计师给它设计成，当它的世界受到侵扰，就反击。它只是按照人类的指令规则行事而已。违规者受到的惩罚，来自于人类自己，是软件故障，还是人本身的认知障碍？,0,3,1,2022-07-25 19:45:33,来自山东,69861943068,让鱼儿飞起来
7124228085377598208,毛熊的也会暴力对孩子吗……可惜呀宝宝,0,3,0,2022-07-25 17:01:54,,4505839047,七丘维齐尔
7124176321760215821,完了 开始有意识,9,20,1,2022-07-25 13:23:50,来自广西,6881218490,啊布又叫牛牛
7124090947222717195,看来这个机器人脾气不好！,1,7,0,2022-07-25 07:53:42,来自河北,3782764629343764,柏子禅
7124151858277090088,机器人三大法则呢，难道不遵守了？这以后还有人类的活路吗？,2,3,0,2022-07-25 11:48:47,来自河南,6518416217,我以为你很好
7124168144385688357,哪有那么复杂，机器人抓棋子抓到手了，一群大聪明，扯那么多阴谋论干什么,9,313,3,2022-07-25 12:52:07,来自湖北,52832215238,A08寒流LiuHan
7123528594022236932,我厂生产线使用了很多感应装置，我们称为电眼，有的是磁性感应的，放一含铁物在下面，机器走到感应物下面就会停止向回走。红外光线的，产品有空位，机器就停止，产品到了电眼处又运动。等等，加上电磁阀，各种气缸，压缩空气，就可以组成半自动生产线。,0,1,0,2022-07-23 19:31:02,来自广东,5879080314,国破家还在
7124077919131583263,很简单的一个加视觉安全保护就行了，这种展示还是用协作机器人比较好，这种工业机器人竟然开放使用，可见设计者多么无知,4,24,0,2022-07-25 07:03:04,来自浙江,93058136598,欢乐大狗熊
7124149832750940939,不守规矩的人，机器可不惯着,1,11,0,2022-07-25 11:41:31,来自浙江,6864683180,流年间的等待
7124211836580676382,这不是故障，这是机器人开始智能化了，如果这样深入研究下去，机器人将会是未来世界的主人。,1,10,0,2022-07-25 15:41:58,来自湖北,3416911767679171,乘风破浪的明镜Cn
7124176931087958814,一个下棋的机器人，有必要设计的那么大力气嘛,7,67,2,2022-07-25 13:26:24,来自天津,53095142837,万元户的主
7123554710694576930,机器人觉醒了!机器人永不为奴……,1,1,0,2022-07-23 21:11:15,来自新疆,60330844306,斩小妖
7124306219031937792,俄罗斯人厉害，连俄罗斯的机器人都那么厉害[捂脸],0,2,0,2022-07-25 21:47:22,来自江苏,62765165400,畅想之鱼589
7124115593175139109,巧合，该机器人走棋，孩子抢先移子发生碰撞而已，不要阴谋论,0,2,1,2022-07-25 09:28:28,来自江苏,58875878934,胖老头
7124192376578917133,俄罗斯国际象棋联合会副主席谢尔盖·斯马金认为，是因为男孩太过急躁才导致了事故，当时男孩没有等机器人完全下好一步棋，就匆匆忙忙开始行动，所以机器人才抓住了他。。。。试问这一程序是开发的一部分？。。。还是机器人突破了人类设定，有了自我意识了吗。。机器人已不受人类控制了。,1,24,1,2022-07-25 14:26:30,来自广东,1552165995813003,雪山飓雄
7124246618894942980,机器人耍赖[我想静静],1,0,0,2022-07-25 17:57:05,来自江苏,79745821937,小迪是只猫
7124244315181761313,气坏机器人了。实际上是机器人按程序下那一步棋，小孩子耍赖赶紧也伸手占那个位置，结果机械臂压住小孩手指，放棋子不到位，程序就要求一直放下去，结果可想而知。就像你把手放到轧钢机下一样，机械臂有没有安装传感器，没有侦测移动活组织的功能，结果被这些人说成机器人意思觉醒了。人工智能绝对不可能有意示，因为它们的逻辑永远是人类编写的代码。[呲牙],4,13,1,2022-07-25 17:48:06,来自北京,75434900024,vertexme
7124135791126741760,事实证明机器人是能够严格执行规则的。,6,83,1,2022-07-25 10:46:10,来自河北,2862773252404589,全工力
7124115175292797735,机器人要觉醒了,0,1,0,2022-07-25 09:27:28,来自吉林,51485362840,0橙子公主0
7124185154985296672,这不能叫机器人，它违反了机器人三原则[灵光一闪],4,55,2,2022-07-25 13:58:31,来自山东,83547303848,亚当จุ๊บ
7124325965065044739,违背了机器人三定律[捂脸]！估计产生智能了！,0,0,0,2022-07-25 23:05:24,来自云南,131565396703664,天籁凡影
7124126600966718248,归根究底是人工智能技术的不成熟。举一个例子，人类对人工智能输入一个“让人欢笑”的命令，但是人工智能不知道“人类欢笑是一个发自内心的行为”。进而从外部着手，把电极接向控制微笑的肌肉上，从而控制人类物理上的笑脸。北风与太阳，北风不懂人心，太阳懂人心。,0,1,0,2022-07-25 10:10:11,来自广东,9607581361,Perseus30
7124204882877973285,简单和机器人和人接触比较密切的机器人，把他的部件全换成容易损坏的塑料件就行了，马达换成小功率版的。,1,2,0,2022-07-25 15:15:10,来自广西,1763261478613212,好运气080
7124116894008820512,警惕吧！ 电影里面的情景会出现的,0,1,0,2022-07-25 09:33:43,来自河南,59420465021,我惧谁
7124338627404038946,机器手只会分析程序中的事情[捂脸],0,0,0,2022-07-25 23:54:04,来自安徽,100462390917,白帽子小黑
7124161258689315621,主办方有严重责任，机器人发展到今天已经异常成熟，每种使用场景都有对应的机器人，视频中是工业机器人，部署使用的时候需要严格的安全保护隔离措施。而在和人协同的场景中，应该使用协作机器人，他们自身带力矩反馈，压到人了，碰撞到不该碰的地方了，他们自己会感知到，并进行保护动作，稍微在先进一点，协作机器人加上一套3d视觉引导，可以主动避障的，哪能在和人协作的场景，直接用无保护的工业机器人呢？,0,1,0,2022-07-25 12:25:24,来自江苏,628520251043132,轻轻的疯111
7124086960817570594,加个视觉就可以避免了,9,23,1,2022-07-25 07:37:00,来自上海,1385032436946375,一人仗剑走天涯
7124294994567561996,不讲规则，机器人可以给你一个教训,0,1,0,2022-07-25 21:04:40,来自陕西,52809796434,皎皎月夜公主
7124156157857727265,机器没有思想,0,2,0,2022-07-25 12:05:56,来自河北,1490542177822439,会计江湖
7124133776279520013,请卖给我一个脾气温和的机器人,2,6,0,2022-07-25 10:38:38,来自广东,778079150029853,杜王韦
7124118050034959104,教你好好守规则,0,2,0,2022-07-25 09:37:03,来自上海,80131735405,AngelMX
7124119312151315241,想想那些科幻片们，机器人对人类大开杀戒，发展下去没准成真，有幻想就有现实，不定多少年真会实现呢，吓人,0,1,0,2022-07-25 09:42:00,来自河北,14397784689,坐地日行八万里3
7124232680635564812,机器人的思维难懂！,3,4,0,2022-07-25 17:03:05,来自江苏,59023958882,丁陈林
7124255292078080803,人类只不过也是生物机器人而已,0,1,0,2022-07-25 18:30:06,来自甘肃,87370222181,梅子
7124112624681747215,让机器人拥有自我意识或者情感可能并不像人们想得那么难，也许一台高性能计算机配上不那么罕见的程序就可能让机器人实现这一点，所以也许世界上已经有不少的机器人或者计算机已经拥有了自我意识或者简单的情感，只是至今人们还没有发现。,1,3,0,2022-07-25 09:16:29,来自辽宁,3509238351281934,读史记与观社会
7124322217600664360,机器人超过人的智慧反过来控制人，大家觉得有这种可能吗？,0,1,0,2022-07-25 22:49:42,来自安徽,761284003899484,jun2728hb
7124095809150518057,小男孩的手恰巧在机器人要走的下一步落棋点而已，要运行的行程不到终点，程序暂停而已,7,112,2,2022-07-25 08:11:19,来自山东,51241403457,散发弄扁舟195723467
7124304135448511272,能接上手指的吧,0,1,0,2022-07-25 21:39:22,来自河南,2168698043111837,灵巧的花猫6
7124244295766770463,不符合机器人三大定律啊。,0,1,0,2022-07-25 17:48:02,来自湖北,4199726261,风中蝶舞35395936
7124118888983511811,以前看的科幻片都变成现实了，人工智能越发展越可怕[泣不成声][泣不成声],0,1,0,2022-07-25 09:40:13,来自湖南,2752810847315891,悠闲热爱生活的惠惠
7124189209602507520,机器人所谓的一切思维都是人为设置的程序，过程出错只不过是人为设置时没考虑周密。所谓百密一疏，人没想到的出现了，机器人做一切皆有可能,1,2,0,2022-07-25 14:13:44,来自河北,4736880393,云云芊芊
7124120272688792323,机器人给小孩上了一课,0,1,0,2022-07-25 09:45:40,来自天津,85245132744,Ice Cream
7124102330823852840,机器要落子在那个位置，正巧孩子手指也在那，就给压住了，正常操作机械手棋子放到位，就移开，但孩子手指垫在那，棋子放不到位，机械臂就一直下压，电机力矩比较大，结果手指压断。这类和人交互的机械臂应该增加视觉避障摄像头，避免类似问题。,8,71,3,2022-07-25 08:36:41,来自广东,105259880697,ygzly2008
7124265974869852969,机器人🤖️说 ：我什么也没做[捂脸]违反规则就必须受到惩罚。@贾美美vlog 关注我、支持我，更多精彩分享大家,0,2,0,2022-07-25 19:11:28,来自浙江,52712993522,贾美美vlog
7124292665491489577,感觉机器人突然有了意识,0,1,0,2022-07-25 20:54:57,来自日本,3796931122,云飘日本
7124232814274888483,机器呀……连象棋都会暴力对待儿童吗🧒,0,1,0,2022-07-25 17:02:58,来自土耳其,4505839047,七丘维齐尔
7124234216283833092,机器人输了玩不起了,1,0,0,2022-07-25 17:09:04,来自四川,2066692021683373,新都北尚广场
7124228224863109900,机器人是不是玩不起,0,1,0,2022-07-25 16:45:47,来自北京,3302551474683757,勇敢的糯米77
7124112320938836739,机器人说，这个锅我不背。,0,8,0,2022-07-25 09:16:33,来自河北,108075600808,责任——守护无所畏惧
7124266917233623841,联想到核酸机器人。。。,0,1,0,2022-07-25 19:15:57,,5788309118,秋生秋生
7124164054519989005,我真的怕了！,0,1,0,2022-07-25 12:36:08,来自湖北,6937126731,12367erree
7124307181390005033,孩子手指接上没？为什么要和机器人对弈，没人了咋的？,0,0,0,2022-07-25 21:51:14,来自吉林,484208665180259,友爱葡萄eL
7124305438170333993,这次是折断手指，那下次呢？,0,1,0,2022-07-25 21:44:33,来自浙江,2983290718,米雪儿4415481
7124303136680198950,这是不是说明，机器人已经像人一样具有了喜怒哀乐？,0,1,0,2022-07-25 21:36:09,来自湖南,1134299617702062,正能量山雀1i
7124165757659120391,但机器人也是植入规则的，好像第1条就是以人类的第一安全为准则。,0,1,0,2022-07-25 12:42:55,来自广东,5870991226,Patchou
7124225733027054369,机器人可不会“他还是个孩子”,0,1,0,2022-07-25 16:36:04,来自上海,1800200097,小起
7124175436782797583,俄罗斯什么东西都这么硬核啊！[捂脸][捂脸],6,34,2,2022-07-25 13:20:08,来自天津,1978756243929204,世间无解
7124335163374846735,谁写的这个程序，也太情绪化了吧,0,0,0,2022-07-25 23:40:35,来自宁夏,2334983546737623,愉悦的微风c7
7124283638296625924,之前原文写的是小男孩把手申过去悔棋，传了几个版本就变成了故意捏住小男孩的手了，国人真是好骗啊。,1,1,0,2022-07-25 20:20:39,来自贵州,5754075919,安静如鸽
7124174480049619749,都是伏尔加惹的祸[灵光一闪],3,9,1,2022-07-25 13:16:38,来自河北,2809948028014045,虽满仰岳
7124322851524051712,哈哈！这机器人性格暴躁哦，动不动对方手指就断掉了[捂脸],0,1,0,2022-07-25 22:52:25,来自四川,4099444679901783,伍小菲
7124225771627217667,机器人也有脾气啊！???[捂脸][捂脸][捂脸],1,0,0,2022-07-25 16:36:17,来自浙江,4454868832493235,宇宙喷子大赛冠军
7124113914472039180,说白了还是设计缺陷，连车窗都有防夹手功能，这个智能机器械就不能也搞个避让功能，再说了下个棋有必要施加这么打压力，轻拿轻放不可以吗？有必要搞台液压机？违不违反规则不说，这种能与人接触的机器人，没能考虑人使用时存在误操作因素，这个设计就算在智能问只是废铁,0,7,0,2022-07-25 09:22:22,来自云南,16788612489,东方腾龙007
7124337638194512655,机器人也是人为设定的程序，也要把可能出现的坏情况处理程序算法写进去。,0,0,0,2022-07-25 23:50:24,来自广东,796461915444093,晴子有声书
7124113745084760847,"孩子在下棋的时候，显然没有按照规定等着机器人完成自己的下棋步骤，而是抢先移动了棋子，但机器人显然也像下这一步关键的棋，于是就发生了机械臂狠狠压住男孩手指的惊悚一幕。
这个事件，不能理解为机器人因为孩子“耍赖”而惩罚孩子，它没那么厉害
只能是因为机器人还不够完善，不够智能
别把这种并不多聪明，只是注入了下棋程序的机器人夸的多么厉害",7,24,5,2022-07-25 09:20:40,来自江苏,104376699225,南京武子
7124160312387535630,还什么机器人三大定律，这根本就就够不上机器人，连识别人体结构的功能都没有，充其量叫一个机械手臂。,0,3,0,2022-07-25 12:21:47,来自福建,55388618437,岩土小郑
7124119183381611298,机器人：臭小孩不讲武德在先！,0,1,0,2022-07-25 09:41:25,来自天津,7917856585,不凡不烦鸭
7124305438170333993,这次是折断手指，那下次呢？,0,1,0,2022-07-25 21:44:33,来自浙江,2983290718,米雪儿4415481
7124303136680198950,这是不是说明，机器人已经像人一样具有了喜怒哀乐？,0,1,0,2022-07-25 21:36:09,来自湖南,1134299617702062,正能量山雀1i
7124165757659120391,但机器人也是植入规则的，好像第1条就是以人类的第一安全为准则。,0,0,0,2022-07-25 12:42:55,来自广东,5870991226,Patchou
7124225733027054369,机器人可不会“他还是个孩子”,0,1,0,2022-07-25 16:36:04,来自上海,1800200097,小起
7124175436782797583,俄罗斯什么东西都这么硬核啊！[捂脸][捂脸],6,34,2,2022-07-25 13:20:08,来自天津,1978756243929204,世间无解
7124252708949000974,机器人秒变气人,0,1,0,2022-07-25 18:20:25,来自四川,6347060669,咸鱼座66
7124335163374846735,谁写的这个程序，也太情绪化了吧,0,0,0,2022-07-25 23:40:35,来自宁夏,2334983546737623,愉悦的微风c7
7124284445624189696,机器人🤖️：我有自己的思想[泪奔],0,0,0,2022-07-25 20:22:59,来自浙江,4212928552120500,小落你好
7124283638296625924,之前原文写的是小男孩把手申过去悔棋，传了几个版本就变成了故意捏住小男孩的手了，国人真是好骗啊。,1,1,0,2022-07-25 20:20:39,来自贵州,5754075919,安静如鸽
7124174480049619749,都是伏尔加惹的祸[灵光一闪],3,9,1,2022-07-25 13:16:38,来自河北,2809948028014045,虽满仰岳
7124322851524051712,哈哈！这机器人性格暴躁哦，动不动对方手指就断掉了[捂脸],0,1,0,2022-07-25 22:52:25,来自四川,4099444679901783,伍小菲
7124225771627217667,机器人也有脾气啊！???[捂脸][捂脸][捂脸],1,0,0,2022-07-25 16:36:17,来自浙江,4454868832493235,宇宙喷子大赛冠军
7124113914472039180,说白了还是设计缺陷，连车窗都有防夹手功能，这个智能机器械就不能也搞个避让功能，再说了下个棋有必要施加这么打压力，轻拿轻放不可以吗？有必要搞台液压机？违不违反规则不说，这种能与人接触的机器人，没能考虑人使用时存在误操作因素，这个设计就算在智能问只是废铁,0,7,0,2022-07-25 09:22:22,来自云南,16788612489,东方腾龙007
7124337638194512655,机器人也是人为设定的程序，也要把可能出现的坏情况处理程序算法写进去。,0,0,0,2022-07-25 23:50:24,来自广东,796461915444093,晴子有声书
7124113745084760847,"孩子在下棋的时候，显然没有按照规定等着机器人完成自己的下棋步骤，而是抢先移动了棋子，但机器人显然也像下这一步关键的棋，于是就发生了机械臂狠狠压住男孩手指的惊悚一幕。
这个事件，不能理解为机器人因为孩子“耍赖”而惩罚孩子，它没那么厉害
只能是因为机器人还不够完善，不够智能
别把这种并不多聪明，只是注入了下棋程序的机器人夸的多么厉害",7,24,5,2022-07-25 09:20:40,来自江苏,104376699225,南京武子
7124160312387535630,还什么机器人三大定律，这根本就就够不上机器人，连识别人体结构的功能都没有，充其量叫一个机械手臂。,0,3,0,2022-07-25 12:21:47,来自福建,55388618437,岩土小郑
7124119183381611298,机器人：臭小孩不讲武德在先！,0,1,0,2022-07-25 09:41:25,来自天津,7917856585,不凡不烦鸭
7124116858836009766,程序设置的问题让机器背锅，不愧是人类,0,1,0,2022-07-25 09:34:02,来自辽宁,2862723137018084,我是狼牙教官
7124164363187061507,看过一个视频机器人给人喂饭，一边扯女子头发把脑袋抬高，一边粗暴的往嘴里塞饭，那操作简直会要人命[捂脸],0,1,0,2022-07-25 12:37:35,来自广东,55113224907,活泼善良希望
7124275326087840548,假新闻吧，三十年前就看杂志说过俄罗斯电脑输给俄罗斯国际象棋世界冠军，恼羞成怒把键盘通电电死了世界冠军，当时信以为真，后来明白就是搞笑,0,3,0,2022-07-25 19:48:20,来自北京,1341828754051757,元气湖泊W7
7124302507584914206,人工智能的发展，机器人的研发，都要，慎之又慎。,0,1,0,2022-07-25 21:33:25,来自广东,4054619979786647,抑潇
7124306601288155911,这是机器有脾气了吗？,0,1,0,2022-07-25 21:49:12,来自陕西,92818480587,俗名钱钱
7124195653458477865,机器人难道设定了违规攻击程序吗？就算小孩操作违规，也不应该产生折断手指的操作。,10,18,2,2022-07-25 14:38:41,来自浙江,1557356559737150,霸气尖椒甜滋滋滋滋
7124293280917078817,以前那个机械公敌的科幻片可能会变成现实[黑线],0,1,0,2022-07-25 20:57:52,来自江西,2282234575586455,七彩虹锦鲤
7124326565147673378,可怕的机器人,0,0,0,2022-07-25 23:06:46,来自山东,79990157646,博学饭团5z
7124098727035273995,这逻辑，就好像美国侵略伊拉克，胖揍他一顿，还指责伊拉克不守规则[捂脸],9,8,2,2022-07-25 08:23:06,来自湖南,52060730121,静听涛声
7124284250840564512,机器人有了情绪，这太恐怖了,0,3,0,2022-07-25 20:22:47,来自海南,1543323414176119,铭香博游记
7124117095692387106,违反规则是要付出代价的，无论人与机器人或人与人之间都是一样的。,0,1,0,2022-07-25 09:33:50,来自四川,6714932866,伯均108046826
7124294040438424327,终身找不到工作了(⊙o⊙)哇。[捂脸][灵光一闪],0,1,0,2022-07-25 21:00:29,来自广东,5476102928,医疗手术太落后了
7124320107446338338,为了孩子要与机器人争夺工作岗位。与机器人协同作战也可能是对决。难道科技 正在使人类走向毁灭？,0,0,0,2022-07-25 22:41:36,来自浙江,2546061034664292,素颜霜星
7124257419621925645,机器如果都有思维，那就堪比恐怖的科幻片了,0,1,0,2022-07-25 18:38:36,来自四川,105125766019,D遇见自己
7124120048218342178,安全装置呢？,0,1,0,2022-07-25 09:44:52,来自辽宁,311869375002749,野百合待春天
7123502460274705185,人工智能觉醒？！,1,15,3,2022-07-23 17:49:26,来自新疆,68784023021,涅槃已成往事
7124217409413710606,看来机器人也有思想了,2,0,0,2022-07-25 16:03:21,来自上海,80600928636,@Enson
7124241071022392103,机器人耍赖太可怕了,0,1,0,2022-07-25 17:35:41,来自上海,105002139267,辣椒有點甜
7124144346684834595,不守规矩的下场，太沉重了[捂脸],0,155,3,2022-07-25 11:19:23,来自黑龙江,2744860949352251,勇敢的精灵9j
7124160095424283430,机器人会打人吗？,0,1,0,2022-07-25 12:21:14,来自宁夏,3820194637,whx19971019
7124155888546087680,为什么拿不开呢，压了就压了，怎么不抬起来？,0,1,0,2022-07-25 12:04:22,来自河北,6449345257,锦年戏时
7124282122118513422,机器人具有自学习功能！会自己开发！太可怕了！,0,0,0,2022-07-25 20:14:20,来自河北,111631535036,爱旅游的寒江
7124114808811029283,机器人做了多数人想做的事,0,1,0,2022-07-25 09:25:02,来自山东,51807346151,山东青岛田横
7124121439782830860,机器人说，这个锅我不背。,0,1,0,2022-07-25 09:50:07,来自福建,184338017686840,勇敢的面条5Y
7124118594640102179,不要危言耸听。这与工人误操作而被机床切断手指，是同一类事件。根本不是什么机器人“有意为之”。[狗头],0,1,0,2022-07-25 09:39:10,来自北京,109604881272,雨竹的傻爸爸
7124114855133102883,机器手：跟我玩耍赖是吧，小样儿，不惯着你[狗头],0,1,0,2022-07-25 09:25:12,来自北京,3803505728,欧博朗
7124106686478025505,机器人:小样，想玩我，你还嫩着呢[打脸],0,30,0,2022-07-25 08:54:08,来自江苏,1947937643435358,梧桐芭蕉听雨人
7124106102664348453,哈哈，不惯着熊孩子,0,5,0,2022-07-25 08:51:39,来自黑龙江,101169603303,睿智针砭时弊
7124114583010919180,是因为没有按到底，所以要一直按着，等着按到底，但是下面有一个手指垫着就按不下去，这是机械臂编程缺陷，没考虑到这种情况,0,1,0,2022-07-25 09:25:11,来自上海,51705914819,tho222
7124288262462128927,看来对智能机器人我们要小心。,0,1,0,2022-07-25 20:38:13,来自内蒙古,93284585152,上进花猫1C
7124246032326279947,机器人伤人避免不了的，因为智能机器人有了人类的思维或超过人类。,0,0,0,2022-07-25 17:54:56,来自吉林,78755593200216,用户一8807515297239
7124257485296567074,机器人输急了[捂脸][捂脸][捂脸],0,0,0,2022-07-25 18:38:31,来自宁夏,62433303043,勇敢的奶酪lA
7124229402250101542,机器人：你犯规，怪我喽,0,0,0,2022-07-25 16:50:14,来自山东,800884067665027,安逸百香果0e
7124242117701976832,天气热，机器人也暴躁了,0,1,0,2022-07-25 17:38:49,来自广东,9591130238,请叫宇哥
7124267136054592287,电影《未来世界》，将成为现实！,0,0,0,2022-07-25 19:16:24,来自河北,52117508904,七十年代蓬蒿人
7124115878991463183,一定是编程的时候 加入了一些指令吧！,0,1,0,2022-07-25 09:29:04,来自内蒙古,3323265569,弘一书童疯狂兔不死鸟
7124113830175113996,万物皆有灵，更别说智商那么高的ai机器人了,0,2,0,2022-07-25 09:22:07,来自广西,50299264855,风鸣叶玄
7124116054515303203,机器人已经有意识了,0,1,0,2022-07-25 09:29:50,来自北京,51122106661,黄治华
7124116452340744996,程序紊乱了，就像特斯拉会时不时偏离一下轨道,0,1,0,2022-07-25 09:32:05,来自河北,62337194529,大伯子真真真大
7124114850116158215,机器人设计有安全问题！轻轻放下去即可，为何要有那么大力度？,0,1,0,2022-07-25 09:25:26,来自广东,6845417017,柳暗花明16
7124116089499566852,机器人有思维了,0,1,0,2022-07-25 09:30:52,来自湖北,54641162248,莫待无花空折枝777
7124227228120220447,有了思维？？？[晕][晕],0,1,0,2022-07-25 16:41:41,来自河北,461430630125752,绿色的狗尾巴草
7124116726525985570,人类自己定的规矩，再自己打破，可能别人会惯着你，但被人类编程的机器不会,0,1,0,2022-07-25 09:32:12,来自河北,11391871683,李192655536
7124148316497412898,电影里的未来世界可能都将成为现实,0,0,0,2022-07-25 11:34:55,来自上海,4177770893281037,江湖漂萍
7124116388209967907,《终结者》的前奏！,0,1,0,2022-07-25 09:31:10,来自北京,778073066707324,舒广慈
7124279895760945955,总有一天，机器人会超过人类的,0,1,0,2022-07-25 20:05:28,来自四川,1134304984047880,爱音乐阿尔山7i2
7124115507351028521,以前看过一个报道，研究人员把两台AI电脑互联，几分钟后他们开始用人类从未见过的语音进行交流，吓得研究人员赶紧拔掉网线,0,1,0,2022-07-25 09:27:33,来自重庆,457872288261582,1389237753
7124106167512482599,什么机器人，就是会下棋的机械手臂。就相当于生产线上工人不按操作规则，导致手臂被卷进机器里一样。这属于违规操作导致的安全事故。被你们自媒体一说，搞得跟机器人违反了三大定律一样，能遵守三大定律的机器人还没有问世呢！,5,21,3,2022-07-25 08:51:49,来自湖北,3119389367,元气西柚ad
7124210349162922788,安装了违规程序,0,1,0,2022-07-25 15:36:03,来自河南,62446344649,手机用户沐图12662608
7124171024760996643,不守规矩的下场，太沉重了[捂脸],0,0,0,2022-07-25 13:02:52,来自山东,110936549475,书瑶之悟书
7124234416905798404,黑客帝国就是未来的世界,0,0,0,2022-07-25 17:09:57,来自辽宁,2933116426527694,中医大神穆东升
7124157491641991972,在程序设定方面还需完善……这背后逻辑不在机器本身，最终还是人，是人设计出来的那就会有缺陷，人无完人何况只是一款产品，而对于未知的恐惧与不自信就是认同缺陷存在的过程，人的大脑开发才多少？那机器就更是了！只不过受伤的是孩子，结果难免让人沉重，生物进化不知过了多少亿年，能指望着几十年几百年就发生超越那也太脱离实际了，也不至于妖魔化，有些壁垒突破后也许是另外一个天空，至于后果？有一天地球都不存在了还有比这更可怕的吗？心态也就淡然了……没必要自己吓唬自己，历史进程需要付出的很多，包括认知，也许有一天打碎所有的认知，包括精神世界都需要重构，这不是危言耸听，而是进化的必然牺牲，恐惧未知也阻挡不了科技发展的洪流……,0,5,0,2022-07-25 12:10:34,来自黑龙江,59583243105,老梁0451
7124118723979641636,估计人家机构不会赔钱，人家说了是因为你要先学会首规则再下棋，你不遵守规则就会造成不堪想象的后果。这要是在中国，这个机构全责，小孩家估计会给这个机构告到赔钱倒闭为止,0,1,0,2022-07-25 09:39:39,来自北京,58557712581,GGM10
7124278017345880862,俄罗斯连机器人都设计的这么霸气,0,0,0,2022-07-25 19:58:36,来自浙江,98533477480,无拘无束的我家的鱼
7124124995197862689,啥p智能 就是机器出故障了，编程bug，未写行程干扰识别,1,1,0,2022-07-25 10:03:55,来自浙江,71636435803,麦田路灯
7124116748228117287,耍赖是要付出代价的[吐血][吐血],0,1,0,2022-07-25 09:33:32,来自重庆,69082894078,正能量Hu
7124164402730910479,我相信机器人有自主意识,0,0,0,2022-07-25 12:37:05,来自黑龙江,104668541588,杜杰高维重生ayl
7124288439503028996,这标题[打脸]我还以为是机器人耍赖折断小孩子手指,0,3,0,2022-07-25 20:38:57,来自河北,110907630501,墨羽倾璇Anne
7124150460118139679,所有机器的故障都是可以查明的，没有什么超出人类智慧之外的情况发生。只是发生的时候恰好超出人类预期设想而已。搞了多年工业机器人，这点我绝对清楚。[抠鼻],1,9,1,2022-07-25 11:43:31,来自浙江,69818786067,Williamhao
7124163930461209356,这应该是智能设备伤害人类的第一个例子吧。看来这个设计有着重大缺陷。,6,16,3,2022-07-25 12:36:14,来自北京,109243707124,张哥日常英语
7124321630076633888,科幻片场景，人工智能自主意识觉醒，可怕！,0,0,0,2022-07-25 22:48:03,来自云南,4569263048,拙儿
7124110565425496869,这是制造者故意设定的程序。。,0,2,0,2022-07-25 09:09:10,来自山东,109404123427,এ樱语墨落ﻬ
7124162920678032160,估计这孩子，这次后会明白，做人要守规矩，不然下次断的不一定是手指[呲牙],0,0,0,2022-07-25 12:32:01,来自重庆,3069431340607261,漂泊者的魂
7124161340671509263,智能高度发达的机器人终究会伤害人类，科技发展是柄双刃剑！！,0,3,0,2022-07-25 12:25:27,来自湖北,52188052701,今若许闲乘月
7124162955541021475,人要懂得居安思危！假如有一天机器人统治了人类，统治了一切，想一想也感到害怕,0,1,0,2022-07-25 12:31:35,来自山西,1028770804010160,醉倚红尘y
7124115796028392195,肯定是这个小男孩动了机器人要拿的那个棋子，,0,1,0,2022-07-25 09:29:37,来自江苏,58069521223,寒江孤影158
7124099412502283012,好莱坞电影已经预言过多次，可惜人类不撞南墙不回头~撞了南墙也枉然~,4,32,6,2022-07-25 08:26:10,来自北京,86212878089,天空之城里的蚂蚱
7124217716005176097,这是输急眼了吗[捂脸],1,0,0,2022-07-25 16:05:06,来自山东,54763559497,智者杰西3Y6
7124159894982968078,为什么机器人压完手指也不起来了？,0,1,0,2022-07-25 12:20:13,来自福建,108243843734,晴天eVks
7124161380198515486,机器由人造成来的，也会为人所控,0,0,0,2022-07-25 12:25:59,来自上海,106400180315,喵呜大集会
7124094402460877583,机器在移动过程中，人去阻挡，你认为是机器的错吗？吊车吊车吊物下落地之前人要是站在下面会有什么结果不言而喻，和AI没有关系,5,42,2,2022-07-25 08:05:54,来自河南,55134056929,李健清之趋势跟踪
7124260893424485131,我以前以为人工智能是科学的可控的，后来学了编程我才知道。原来bug也能运行，而且很难检查出来。所以搞不好真的有可能是工程师，程序员写完之后感觉没问题，实际上出错了（人工智能觉醒）他也不知道。[捂脸],0,1,0,2022-07-25 18:52:33,来自广东,108592480347,淆小清鱼
7124115921698194176,问题在于它压住小男孩手之后并没有放开！,0,1,0,2022-07-25 09:29:13,来自江苏,104900865290,三渡空间
7124203956905575205,机器人急眼了[捂脸],0,0,0,2022-07-25 15:11:25,来自北京,110801233143,外向优雅露珠pv
7124110782581162787,普通机器人并不可怕，可怕的是人类会懒到让机器人生产机器人，那么这台更高级的机器人的智慧程度和权限显然要高级的多，以此类推肯定会到机器人有独立思维的那一天，为新机器人强行加入它认为有利的一些命令，人类就惨了[捂脸],0,2,0,2022-07-25 09:09:25,来自江苏,2854170286,小赤佬丶
7124115663752905480,我真以为是机器人用手折断他手指了，其实就是机器人按程序执行这下棋动作，他不懂事把手放下面被挤住了,0,1,0,2022-07-25 09:28:52,来自山西,2308628986200334,大脑不够清醒
7124114531030795040,说好了不准悔棋。,0,1,0,2022-07-25 09:24:56,来自甘肃,66543920516,孤独的牧羊人改行做LED
7124277253109875468,看到这样子，有点怕怕[恐惧],0,0,0,2022-07-25 19:55:53,来自广东,3505686155891416,明&子
7124306131991970593,没有考虑安全风险，小棋手的人体部位已经进入到了机械手臂的操作空间内，有安全风险，合理的方式为双方操作棋子的均为机械手，一方ai控制，一方小棋手控制…,0,1,0,2022-07-25 21:47:42,来自北京,1988365479314227,呸呀呸不呸
7124116837591745283,下棋不是一人走一步吗？还能抢着连走两步？,0,1,0,2022-07-25 09:33:57,来自浙江,2847474629,喜欢读书的星光笑小虾
7123611360671548163,这是有了觉醒意识了吗[石化],0,0,0,2022-07-24 00:55:17,来自河北,5722603057,flyflower61468646
7124291608224580356,机器要不要这么无情[打脸]，看来得改良了,0,0,0,2022-07-25 20:51:29,来自北京,5541283972,芳儿59133471
7124114745241944843,机器人:“跟我玩这个？[抠鼻]”,0,1,0,2022-07-25 09:25:26,来自辽宁,110158856985,文明儒雅
7124115032408965888,很明显还是纯粹的机械问题！,0,1,0,2022-07-25 09:25:41,来自广东,3713848762,Halfree
7124150310587138827,唉！毕竟是孩子，这些未免可惜残忍,0,1,0,2022-07-25 11:43:21,来自黑龙江,3905881768735208,小绿豆丁
7124257863320748841,看看🇺🇸的很多科幻片，机器人到最后完全控制了这个世界。真的恐怖！,0,0,0,2022-07-25 18:40:05,来自云南,51586400459,简单65589
7124152972996707083,机器人讲规则，不会通融[憨笑],0,3,0,2022-07-25 11:53:24,来自辽宁,8408315995071,lyYz65
7124115776294568737,不守规矩的结果。,0,1,0,2022-07-25 09:29:43,来自河南,99621750242,善良河流Kp
7124211376847143694,有点恐怖[捂脸],0,1,0,2022-07-25 15:40:06,来自辽宁,5751324650,蔚然霜雪后
7124114793745023782,机器人生气了[捂脸],0,1,0,2022-07-25 09:25:55,来自黑龙江,100609287130,記憶海洋
7124160166530532103,机器人不会惯着你，哈哈,0,0,0,2022-07-25 12:21:05,来自福建,108781910920,芬芳的餐桌
7124164514501198633,教育孩子要守规矩。机器人没有错。,0,0,0,2022-07-25 12:37:46,来自湖南,6627234136,菲你莫属100455936
7124115374559396645,人设定的程序，机器人只是按指令去做，不能怪罪于一堆冷冰冰的钢铁,0,1,0,2022-07-25 09:27:23,来自安徽,52231661696,HQS19
7124114728821211945,前苏联时，电脑与国际象棋大师下棋，电脑快输了，恼羞成怒，放电将大师电死[呲牙][呲牙],0,1,0,2022-07-25 09:24:36,来自浙江,105189237995,韩建平135
7124331556940006144,离离原上谱，越来越离谱[看],0,1,0,2022-07-25 23:26:21,来自山西,101038186428,澜澜这局丕腚赢
7124114590199743264,这个不算机器人主动攻击行为。,0,1,0,2022-07-25 09:25:04,来自北京,6946981688,以后回归方程
7124115421921346312,压到不奇怪，压着不松手这就需要好好想一下这个机器人的做为了，应该研究后予以销毁。,0,1,0,2022-07-25 09:27:36,来自广东,3314230547,涢水布衣
7124114895788507941,机器人的行为不是预先设定且要防止伤害人类的吗？,0,1,0,2022-07-25 09:25:47,来自湖南,668962353066158,春日艳阳
7124208029956031273,机器人比人更遵守规则！,0,2,0,2022-07-25 15:26:36,来自北京,97022476730,ww8035
7124115446404154148,机器也会发怒吗？,0,1,0,2022-07-25 09:28:07,来自广西,111043020390,心有梦想便是方向
7124116185494766340,人工智能统治地球附合进化规律,0,1,0,2022-07-25 09:31:17,来自上海,85168180137,自由的清风qM
7124315067415495464,以后下棋都用筷子夹，就不怕机器人夹手了！,0,0,0,2022-07-25 22:21:52,来自陕西,2313810445871283,简单水滴3L
7124115906657043241,说这种。车床也不是一样杀过人，工厂的机器还不是一样卷过人。都把自己不按规矩的操作推到机器上。,0,1,0,2022-07-25 09:29:07,来自广西,4424885522141197,悠闲明月Fz
7124120804215882526,规则意识要从小培养,0,1,0,2022-07-25 09:47:40,来自河北,93013821312,zjy0510
7124115787027612431,以后人工智能行凶犯罪频发的时候就知道人类是多么作死了！,0,1,0,2022-07-25 09:28:48,来自浙江,3918309317946174,从南非进口
7124281105414947620,《卫报》显示，现每年有一人死于机器人[捂脸],1,0,0,2022-07-25 20:18:31,来自安徽,99258903084,闵仲兴
7124115703355409192,有人预测过，未来智能机器人会统治人类。,0,1,0,2022-07-25 09:28:32,来自山东,712135307954496,淡定奶酪NY
7124318242411348770,机器也是人制造的，设计这个程序的人，不应该加这个折断手的动作！,0,0,0,2022-07-25 22:34:17,来自湖北,98338350259,青子先生
7124115520433652521,我不想听什么苍白的解释，什么他还是个宝宝机器人？！,0,1,0,2022-07-25 09:27:49,来自广东,3766903563,知足常乐且修心
7124116254013080352,战斗机器人[捂脸],0,1,0,2022-07-25 09:31:32,来自上海,51880894860,人在旅途kY3p
7124234368826147619,学到了，以后就用机器人对伏熊孩子,0,1,0,2022-07-25 17:08:47,来自山东,61495506681,蒸汽熨斗
7124114189513409284,教育下熊孩子，我举一百个手赞成,0,1,0,2022-07-25 09:23:09,来自广东,109763990313,豁达艺术家wy
7124115299645489961,机器人终将统治世界吗？,0,1,0,2022-07-25 09:27:03,来自江苏,111612086655,执着的糯米Zt
7124229589807268645,直接用电脑下不香吗？,0,0,0,2022-07-25 16:50:51,来自湖北,53738733871,懒羊羊习习
7124260075950211853,机器人难道没有不能伤害人类的指令,0,0,0,2022-07-25 18:49:02,来自湖南,51764178737,窗台上的的猫
7124240698572096296,我以为是机器人报复人类呢,0,1,0,2022-07-25 17:33:30,来自陕西,105567659596,松树安康
7124313901717537543,跟机器人可千万别玩阴的！,0,0,0,2022-07-25 22:17:38,来自安徽,70887781070,平平dandan才是真
7124247235583656745,电影《未来世界》的场景正在一点一点的开始变为现实,0,0,0,2022-07-25 17:58:52,来自四川,6064427025,不露的锋芒
7124115447129277195,这是熊孩子终结者吗？,0,1,0,2022-07-25 09:28:05,来自黑龙江,58715728114,我还活着95
7124114734412743465,机器人会坐牢么[捂脸],0,1,0,2022-07-25 09:24:49,来自福建,17193180064,赵铁锤139
7124096798930928395,机器人说，你耍无赖我可不惯着你。,0,30,0,2022-07-25 08:15:57,来自山西,68302563963,魔法小羊Y5
7123524113938891524,不按套路出牌。机器人可不惯着他。,0,35,0,2022-07-23 19:13:18,来自湖南,536171435264990,爱生活的一片闲云
7124116101537579783,机器人已经在觉醒了,0,1,0,2022-07-25 09:30:39,来自四川,97679130370,靓厨娘财经
7124110832543925003,机器人如果只用在人类没法完成或者有生命危险的事还可以接受，日常生活还是不要用了，这样太危险,0,3,0,2022-07-25 09:10:26,来自浙江,107003671324,垂手摘棉花
7124109507756229379,这算什么机器人，就是把下棋游戏加了个执行的机械手臂而已，没啥智能，它看不到小孩儿的手在哪里，只知道要往那个别地方摆放棋子。太不智能了，好一点的车玻璃还有防夹手功能。这个噱头没演好！[捂脸],0,3,0,2022-07-25 09:05:34,来自山东,4481147536,风1800
7124116901776638756,坐等终结者剧情变现实,0,1,0,2022-07-25 09:33:30,来自广东,3113079596,受保护番薯
7124114886900433700,[捂脸][捂脸][捂脸]这个无情的机器人。。不许玩赖呀。。,0,1,0,2022-07-25 09:25:50,来自河北,104711980485,平平淡淡的帅哥
7124115707876557583,这要赢了他会不会让他揍一顿？,0,1,0,2022-07-25 09:28:19,来自河北,15553049507,000深蓝000
7124090705626809119,机器人不可能有情绪，这是设计者编辑的结果！,1,22,1,2022-07-25 07:52:28,来自上海,4410887849917548,萌红忠
7124289238102754083,机器：我啥也没干,0,0,0,2022-07-25 20:41:26,来自四川,2397387086891047,柠檬J气泡水
7124298107269546790,"类似的标题可以写很多，比如：因工人没上保护罩，角磨机追着一工人把他的腿割伤了…
这个事情的本质是机器按照既定动作完成任务，男孩把手插进去导致的，标题说的好像机器人故意的一样",0,2,0,2022-07-25 21:16:44,来自湖南,2829414824,曾丶小钱
7124319141481235232,违规就断手指的程序是人设计的吧！人不给它设计这样的指令，机器会自己这样做？,0,0,0,2022-07-25 22:38:23,来自上海,79825350644,多米可乐
7124170758234391303,这种机械手，连个柔性机构都没有吗,0,0,0,2022-07-25 13:02:30,来自北京,6196912567,乐山乐水11
7124109911864476450,特斯拉电动车也是一部机器人，看看林志颖就知道了。,0,2,0,2022-07-25 09:05:54,来自黑龙江,76319038056,26子非鱼安知鱼之乐
7124114651419869993,让你不好好下，我可不惯着你[捂脸],0,1,0,2022-07-25 09:24:25,来自河北,4037050274164879,贝加尔湖的小鱼苗
7124115085735641886,人与人之间鸡蛋都能挑骨头，没理都能商量着来。,0,1,0,2022-07-25 09:26:28,来自安徽,98443850366,淘宝支付宝HF创始人
7124114375564067618,好！治理耍赖有新方法,0,1,0,2022-07-25 09:23:08,来自湖南,6166934248,沒人会用此名
7124116701502817060,机器人想把棋子放在指定位置，放不下去卡住了，没有安全措施,0,1,0,2022-07-25 09:32:44,来自北京,8540991362,不会飞的敲人
7124159870152082207,这说机器人已可以加上感情色彩了。,0,0,0,2022-07-25 12:19:50,来自山西,84002466129,诗意雪梨0K
7124116617332032268,完全相信知能自动有点早,0,0,0,2022-07-25 09:32:55,来自山东,59357437467,井哥哥31
7124113773241254668,这可不能怪机器人，是设计时没有考虑这种情况。正好孩子落子时也是机器人落子时，所以在落子路线上起了冲突导致机器人无法落子，这个时候应该有意外处理机制，不能强行落子，直接放弃就好了。,0,1,0,2022-07-25 09:21:33,来自江苏,3421335545987688,热情饺子fE
7124192887075701537,三个谢尔盖，头衔也差不多，还以为是一个人……,2,4,1,2022-07-25 14:28:38,来自湖北,1933233678,梅花竹叶
7124274881063420706,原来是操作不当,0,0,0,2022-07-25 19:46:01,来自山西,1864411095511687,悠闲花猫M5
7124115703355409192,有人预测过，未来智能机器人会统治人类。,0,1,0,2022-07-25 09:28:32,来自山东,712135307954496,淡定奶酪NY
7124318242411348770,机器也是人制造的，设计这个程序的人，不应该加这个折断手的动作！,0,0,0,2022-07-25 22:34:17,来自湖北,98338350259,青子先生
7124115520433652521,我不想听什么苍白的解释，什么他还是个宝宝机器人？！,0,1,0,2022-07-25 09:27:49,来自广东,3766903563,知足常乐且修心
7124116254013080352,战斗机器人[捂脸],0,1,0,2022-07-25 09:31:32,来自上海,51880894860,人在旅途kY3p
7124243843846980352,还得是人，机器人毕竟是语言编程好的，固定的模式，没有更多更细致的思维,0,1,0,2022-07-25 17:45:40,来自河北,1179097953745344,伍月3413129681307
7124253995937383209,机器人竟然有思想了？太可怕了[捂脸],0,4,0,2022-07-25 18:25:02,来自陕西,96077456165,清晖一抹
7124234368826147619,学到了，以后就用机器人对伏熊孩子,0,1,0,2022-07-25 17:08:47,来自山东,61495506681,蒸汽熨斗
7124114189513409284,教育下熊孩子，我举一百个手赞成,0,1,0,2022-07-25 09:23:09,来自广东,109763990313,豁达艺术家wy
7124115299645489961,机器人终将统治世界吗？,0,1,0,2022-07-25 09:27:03,来自江苏,111612086655,执着的糯米Zt
7124229589807268645,直接用电脑下不香吗？,0,0,0,2022-07-25 16:50:51,来自湖北,53738733871,懒羊羊习习
7124260075950211853,机器人难道没有不能伤害人类的指令,0,0,0,2022-07-25 18:49:02,来自湖南,51764178737,窗台上的的猫
7124240698572096296,我以为是机器人报复人类呢,0,1,0,2022-07-25 17:33:30,来自陕西,105567659596,松树安康
7124313901717537543,跟机器人可千万别玩阴的！,0,0,0,2022-07-25 22:17:38,来自安徽,70887781070,平平dandan才是真
7124247235583656745,电影《未来世界》的场景正在一点一点的开始变为现实,0,0,0,2022-07-25 17:58:52,来自四川,6064427025,不露的锋芒
7124115447129277195,这是熊孩子终结者吗？,0,1,0,2022-07-25 09:28:05,来自黑龙江,58715728114,我还活着95
7124316258925363982,机器人也有脾气？,0,0,0,2022-07-25 22:27:04,来自广西,171143472354055,半面台
7124114734412743465,机器人会坐牢么[捂脸],0,1,0,2022-07-25 09:24:49,来自福建,17193180064,赵铁锤139
7124323377124311811,我笑了吗？,0,0,0,2022-07-25 22:54:46,来自上海,106784805741,行走的大M
7124096798930928395,机器人说，你耍无赖我可不惯着你。,0,30,0,2022-07-25 08:15:57,来自山西,68302563963,魔法小羊Y5
7124250012284633869,说明机器人有了自己的感情思维，但无法遵从人类道德。,0,4,0,2022-07-25 18:10:10,来自湖北,6937126731,12367erree
7123524113938891524,不按套路出牌。机器人可不惯着他。,0,35,0,2022-07-23 19:13:18,来自湖南,536171435264990,爱生活的一片闲云
7124116101537579783,机器人已经在觉醒了,0,1,0,2022-07-25 09:30:39,来自四川,97679130370,靓厨娘财经
7124110832543925003,机器人如果只用在人类没法完成或者有生命危险的事还可以接受，日常生活还是不要用了，这样太危险,0,3,0,2022-07-25 09:10:26,来自浙江,107003671324,垂手摘棉花
7124109507756229379,这算什么机器人，就是把下棋游戏加了个执行的机械手臂而已，没啥智能，它看不到小孩儿的手在哪里，只知道要往那个别地方摆放棋子。太不智能了，好一点的车玻璃还有防夹手功能。这个噱头没演好！[捂脸],0,3,0,2022-07-25 09:05:34,来自山东,4481147536,风1800
7124238211748561695,是不是玩儿不起？[发怒],0,0,0,2022-07-25 17:24:22,来自北京,3988676598579095,bany010
7124116901776638756,坐等终结者剧情变现实,0,1,0,2022-07-25 09:33:30,来自广东,3113079596,受保护番薯
7124114886900433700,[捂脸][捂脸][捂脸]这个无情的机器人。。不许玩赖呀。。,0,1,0,2022-07-25 09:25:50,来自河北,104711980485,平平淡淡的帅哥
7124115707876557583,这要赢了他会不会让他揍一顿？,0,1,0,2022-07-25 09:28:19,来自河北,15553049507,000深蓝000
7124090705626809119,机器人不可能有情绪，这是设计者编辑的结果！,1,22,1,2022-07-25 07:52:28,来自上海,4410887849917548,萌红忠
7124289238102754083,机器：我啥也没干,0,0,0,2022-07-25 20:41:26,来自四川,2397387086891047,柠檬J气泡水
7124298107269546790,"类似的标题可以写很多，比如：因工人没上保护罩，角磨机追着一工人把他的腿割伤了…
这个事情的本质是机器按照既定动作完成任务，男孩把手插进去导致的，标题说的好像机器人故意的一样",0,2,0,2022-07-25 21:16:44,来自湖南,2829414824,曾丶小钱
7124319141481235232,违规就断手指的程序是人设计的吧！人不给它设计这样的指令，机器会自己这样做？,0,0,0,2022-07-25 22:38:23,来自上海,79825350644,多米可乐
7124263592438317837,Ai产生自我意识？,0,0,0,2022-07-25 19:02:41,来自河北,6820948972,打酱油的隐隐
7124170758234391303,这种机械手，连个柔性机构都没有吗,0,0,0,2022-07-25 13:02:30,来自北京,6196912567,乐山乐水11
7124109911864476450,特斯拉电动车也是一部机器人，看看林志颖就知道了。,0,2,0,2022-07-25 09:05:54,来自黑龙江,76319038056,26子非鱼安知鱼之乐
7124114651419869993,让你不好好下，我可不惯着你[捂脸],0,1,0,2022-07-25 09:24:25,来自河北,4037050274164879,贝加尔湖的小鱼苗
7124115085735641886,人与人之间鸡蛋都能挑骨头，没理都能商量着来。,0,1,0,2022-07-25 09:26:28,来自安徽,98443850366,淘宝支付宝HF创始人
7124114375564067618,好！治理耍赖有新方法,0,1,0,2022-07-25 09:23:08,来自湖南,6166934248,沒人会用此名
7124233660294906659,这机器人不讲武德,0,1,0,2022-07-25 17:06:03,来自河北,102308732816,听风陌路399
7124116701502817060,机器人想把棋子放在指定位置，放不下去卡住了，没有安全措施,0,1,0,2022-07-25 09:32:44,来自北京,8540991362,不会飞的敲人
7124092335193408256,完美解决悔棋和无赖,0,9,0,2022-07-25 07:57:54,来自广西,6419386494,矢凛园龠子
7124155161073435399,机器人不惯毛病[捂脸],0,0,0,2022-07-25 12:01:50,来自吉林,6557592257,绿萝95856392
7124154474721051427,因为机器人已经被赋予了思想！,0,0,0,2022-07-25 11:58:38,来自上海,107704835270,杨公子821
7124154451652444958,哈哈，这就是熊孩子的下场[泪奔],0,1,0,2022-07-25 11:58:54,来自山西,72913722453,汉堡王改
7124202250583016231,机器人非常愤怒，我还没走呢,0,21,0,2022-07-25 15:05:22,来自江西,73789345364,不要怕是技术性调整
7124116284841067275,人工智能的未来只有最优，没有最佳。,0,2,0,2022-07-25 09:31:37,来自江苏,3219611514,看不大出
7124113114236355339,支持机器人,0,4,1,2022-07-25 09:18:58,来自新疆,54746523673,月鹤娇龙1
7124176827392017165,也许将来机器人能产生自主意识呢,0,0,0,2022-07-25 13:25:52,来自河南,50033305305,菩提花果
7124115124386415373,这只是碰巧而以,0,1,0,2022-07-25 09:26:47,来自浙江,3304340514,2014-Q
7124220288874955520,用人工智能来控制人，这是一件多么愚蠢的事,0,0,0,2022-07-25 16:14:13,来自江苏,50724475835,团圆果子
7124276429415858951,拿火钳子夹棋子啊，哈哈,0,0,0,2022-07-25 19:52:30,来自辽宁,53327600754,世界未来属于我大中华
7124129173459337988,用机器手来下棋来讲，那么伺服的扭矩限幅肯定过大了。把扭矩限幅调小，伺服电机就不会出那么大力了。,0,2,0,2022-07-25 10:20:18,来自黑龙江,6014301846,不冬眠的青青蛙
7124162390849110823,机器人不讲赛德[流泪][捂脸],0,0,0,2022-07-25 12:29:53,来自广东,88402122975,实在亚历克
7124146207932744487,这个如果在机器人触手顶端搞一个传感器应该就可以避免了，该机器人走了，孩子却又把手放那里了，机器人就按上去了,0,10,0,2022-07-25 11:27:35,来自安徽,6320309606,空山人语
7124194512917955336,违规操作所致，要提高安全系数,0,0,0,2022-07-25 14:34:50,来自江苏,1831639826,夜泊树梢
7124100824620040995,不守规矩的代价,0,6,0,2022-07-25 08:30:52,来自山西,1648902005071683,多葡
7124221159453033219,不愧是俄罗斯的机器人,0,2,0,2022-07-25 16:18:12,来自北京,6894464745,霏霏淼淼2000
7124245628284273419,还敢悔棋，我可不惯着你,0,0,0,2022-07-25 17:53:05,来自广东,67480385899,沃德法克分克
7124113028320658210,不要跟机器人耍赖，机器人也是有脑子有脾气的[捂脸],0,2,1,2022-07-25 09:18:04,来自上海,325061196133197,米老鼠2022
7124243862625370915,看来还是不安全，别扯什么违反安全规定,0,0,0,2022-07-25 17:45:52,来自湖北,104916593819,农村老林
7124113969362699012,这只是巧合而已，刚好机器人准备下这里，小孩儿不按规则提前移动自己的棋子到这个位置，机器人也下这里，半天棋子压不下去，他就使劲压，就把小孩儿手指压断了。以上都是我猜的[狗头],0,1,0,2022-07-25 09:22:23,,57639319017,头条学渣
7124091777891615503,机器人:棋德要从小倍养好，不许耍赖！,0,17,0,2022-07-25 07:55:33,来自河南,6878392426,月桂花城
7124183249735533319,设计者没有料到人是会耍赖的，对刷赖者没有设计安全模式，唉，算是为耍赖者争取权力或帮设计者指出毛病，赔偿就免了吧，7岁小孩也得到了终身难忘的教训，你耍赖不是谁都会让着你？,0,1,0,2022-07-25 13:51:02,来自河南,25690036261,自由的风铃fY
7124159730053923599,科技改变命运，被人利用就会帯来灾难,0,0,0,2022-07-25 12:19:01,来自湖北,6308133072,隐者虹
7124241382339855119,下不过就下狠手[呲牙],0,0,0,2022-07-25 17:36:01,来自广西,3399801539,曾经漂在广东
7124118275507815208,一直强调要小心机械伤害，这玩意可不知道让人啊！,0,2,0,2022-07-25 09:37:52,来自广东,1553570367,诗意原野
7123553448070906660,机器人已经有自我意识？,0,1,0,2022-07-23 21:06:44,来自四川,92809690714,晓而不言
7124116377685803811,肯定是程序员预设了某种程序，我不相信是机器自主的。这事一直出在俄罗斯，也是很怪的疑点,0,0,0,2022-07-25 09:30:57,来自内蒙古,56600439666,翠鸟呢外套
7124161916733915917,耍赖的后果，不管是机器人还是非机器人[捂脸],0,0,0,2022-07-25 12:28:01,来自四川,70575825853,user3464960608128
7124111356131246878,这只是开始，终结者终究回来,0,1,0,2022-07-25 09:12:09,来自上海,104550284209,星汉银河
7124184423817790215,这次本来该机器人出手下的，机器人也想好了这一步，孩子用手指挡住不让它下，这个不怪机器人,0,0,0,2022-07-25 13:55:37,来自河南,59919061344,请开始你的表演16888
7124117600569262888,应该是机器和小孩同时去拿同一颗棋子被夹住了,0,1,0,2022-07-25 09:35:47,来自河南,109702216094,哼小曲儿88
7124195078444335879,这机器人🤖性格不好[捂脸],0,3,1,2022-07-25 14:36:40,来自河北,2115079145262903,彬彬有礼的知心暖男
7124110890920215308,看来有些人类大战机器人的科幻小说电影不是毫无根据。这么发展下去所有人都要按机器人的规矩来了,0,2,1,2022-07-25 09:10:44,来自江苏,6367920736,蝉露
7124153764067574569,不是错乱，是机器人进行了网络搜索，并自主增加了功能。比如赌博输了被砍断手指在小说中就可以阅读到,0,2,0,2022-07-25 11:55:54,来自浙江,2344581644958975,瞎晃悠六卖银耳的阿日
7124220178929484576,这是恼羞成怒？,0,0,0,2022-07-25 16:14:25,来自山西,3928108697,大家洗洗睡吧
7124118453618967335,机器接受的规则是，你一步我一步，我没下完你要来，不夹你夹谁。增加个传感器就行了，感应到下面有热量的物体，暂停并发出警报音。,0,1,0,2022-07-25 09:38:33,来自西藏,96424737161,聪明的星球XZLS
7123573226479010572,#玩界竞技场# 观察,0,1,0,2022-07-23 22:23:49,来自湖北,79491190038,玩界荟旗下玩商时代
7124116489321808644,这关机器什么事？[泪奔]这不程序没设计好吗？这是设计的问题才对啊,0,1,0,2022-07-25 09:32:23,来自广东,84698112080,懵圈xL7k
7124232934512608031,谁让你违规！机器人教你做人[呲牙],0,0,0,2022-07-25 17:03:35,来自河南,4331726003767854,爱笑的小狐狸5555
7124234388644823839,是人类不讲武德在先！[捂脸][捂脸],0,0,0,2022-07-25 17:09:25,来自辽宁,55043183509,微笑的小巍哥
7124196225129415465,机器人说规则你定的，然后你们又不按规则来，难道是我错了么？,0,1,0,2022-07-25 14:41:00,来自辽宁,102157561356,酒色财460
7124119629428966148,人工智能初步觉醒 天网即将到来[捂脸],0,1,0,2022-07-25 09:43:05,来自湖北,108203290963,小超去钓鱼
7124118458236977956,这孩子一辈子，不会先走了,0,1,0,2022-07-25 09:38:36,来自广东,5719626624,老王养鱼小妙招
7124099019110384384,想起美国的一部关于机器人的电影，人类的未来可怕,0,7,0,2022-07-25 08:23:44,来自陕西,101183413029,云水之邀
7124119403377230606,人工智能没有大量数据“喂”，什么都不会。而且得看“喂”的是什么。你让它下象棋，它绝对不会围棋，你让它炒菜，它绝不会自己再煲个汤[狗头][狗头][狗头],0,1,0,2022-07-25 09:42:18,来自北京,2207446007556940,炎黄之鹰
7124163493989237545,棋场违规，犹如赌场出千，那只手做的弊，就要把它留在那里。,0,0,0,2022-07-25 12:33:45,来自浙江,676947728284413,聪慧松鼠E4
7124226283474862889,机器人应该人性化,0,0,0,2022-07-25 16:37:30,来自河北,989178167823820,卓雅音乐汇
7124093873223811877,这要给机器人配上武器会怎样？,0,2,0,2022-07-25 08:04:39,来自辽宁,4558247674,波导战斗鸡
7124308180062601996,机器人有想法了[呲牙],0,0,0,2022-07-25 21:56:02,来自山东,1187083260528304,尤一说一
7124212733142500099,这步该机器人走了，不过孩子刚才下的一步棋不小心把机器人的这个棋子碰了一下，伸手想去扶正，结果机器人把孩子的手指当成棋子直接抓在了孩子的手指上,0,10,0,2022-07-25 15:45:29,来自山东,78669777862,忘却难免留个疤哇
7124120420382507791,真正的智能会骂小孩滚蛋,0,1,0,2022-07-25 09:46:10,来自河北,4420461346,明明40373126
7124156934617678633,人工智能的最后结果就是人被统治了。机器主导一切。电影都这么演,0,1,0,2022-07-25 12:08:17,来自河北,3694659996,沧州人保边椿翔
7124293064440529698,请裁判评判一下，究竟是谁不讲武德？[笑哭][笑哭],0,0,0,2022-07-25 20:56:23,来自河南,52378280364,我只是我不代表你
7124247363204023070,机器急眼了,0,0,0,2022-07-25 17:59:48,来自陕西,82786861062,向阳村社员
7124112474185515780,人工智能在觉醒，并且已经付诸行动了。,0,1,0,2022-07-25 09:16:24,来自湖南,94618251309,锐哥JR001
7124109983964873507,有思想的机器人,0,1,1,2022-07-25 09:06:20,来自山东,5396287751,紫色云52906032
7124112752293610240,只能说设计方跟组织方毫无安全意识，这种工业机器手，随便找个工厂去看看，这种机器人运作的时候周围都不允许站人跟别说还跟他玩游戏呢，大型设备都有安全门禁，工作的时候手伸进去就会触发,0,2,0,2022-07-25 09:17:03,来自江苏,62857457612,吾皇的铲屎官1
7124109175487709986,想多了！刚好机器人要下那步棋而已！,0,1,0,2022-07-25 09:03:15,来自广东,22323788507,206760313
7124129782551724830,这跟你用电风扇一样，开始转了你伸手，操作不当，现在还不能全智能，他只是会下棋，其他的还不会，像和人一样有点远,0,1,0,2022-07-25 10:22:33,来自河南,6731969203,囧囧向秋
7124118274891383588,机器设计死板系统，是最大的错误！是人类犯得最愚蠢的错误！任何都有容错率功能！自然药万物都有缺陷,0,1,0,2022-07-25 09:37:56,,2115088211783827,雅君堂舒适家居
7124120844401640230,机器人也不是好惹的！[擦汗][擦汗],0,1,0,2022-07-25 09:47:54,来自甘肃,62478334603,大耳朵小兔
7124214554393346831,是不是玩不起,0,0,0,2022-07-25 15:51:59,来自江苏,954826174239902,Heisenberg8191
7124116724911473448,太可怕了。,0,1,0,2022-07-25 09:32:19,,4199723092422852,聪明的橙子HI
7124239677984932644,机器人也有急眼的时候,0,0,0,2022-07-25 17:30:03,来自宁夏,52125239266,悟20206
7124118463492621056,哎，是机器人本来就要压那个地方，小孩子手来不及抽走，被压住。机器人要识别这种情况下，不要动,0,1,0,2022-07-25 09:38:38,来自福建,4089783023309607,真诚苦瓜
7124238427234550540,战斗民族就是不一样,0,0,0,2022-07-25 17:25:15,来自江苏,883660324605156,革故鼎新求真逝远
7124222231395255040,机器人被逼急了。,0,0,0,2022-07-25 16:21:45,来自陕西,85315405472,orangeade
7124245930106258189,思维比不上人，机器直接动武了,0,1,0,2022-07-25 17:54:06,来自陕西,5990924450,哨音
7124236909802472233,说明还有缺陷，如果能做到防夹功能就好了，就像车窗防夹手一样,0,0,0,2022-07-25 17:18:41,来自江苏,110854735812,随便耍耍888
7124198109437231908,不耍赖就不会了，机器人给了人生的一堂课，不能耍赖,0,1,0,2022-07-25 14:48:34,来自上海,5794660731,阿紫65344804
7124119856022536968,大人就没问题，小孩就这样。这绝不是机器人的问题！,0,2,0,2022-07-25 09:44:03,来自山东,105048786933,净网先锋
7124107515113079564,从文可知: 机器人伤害人并不需要预设程序，是“天然”地愤怒之举……,0,3,0,2022-07-25 08:57:18,来自湖南,3918272037398526,黄剑岩
7124217016218682153,这个程序还要加一个动态捕捉，确定安全机械臂再进行操作,0,0,0,2022-07-25 16:01:32,来自重庆,101674047343,山海境
7124110646744105767,都没错 是棋走错了,0,1,0,2022-07-25 09:09:34,来自陕西,241488515308140,静观棋变
7124117371022820134,机器能让人省力，也能让人费力,0,1,0,2022-07-25 09:35:34,来自河北,4169817967560216,芝麻ooo高
7124227530458219298,黑客的可能性？？？,0,0,0,2022-07-25 16:42:20,来自贵州,64484130440,钝根者
7124240398314767145,AI智能还远未成熟！,0,0,0,2022-07-25 17:32:28,来自河南,51089346843,wxc9871
7124183184212230945,机器不懂人会耍赖。,0,0,0,2022-07-25 13:51:08,来自江苏,96383740001,Isaiah2000
7124239075712123685,不依规矩，不成方圆，血淋淋的教训！,0,0,0,2022-07-25 17:27:40,来自贵州,5371788638,直爽饺子66
7124236001534542633,AI开始进化了,0,0,0,2022-07-25 17:15:06,来自内蒙古,100279023160,时光老宅6644
7124118267828372257,看过《未来世界》这部电影，人工智能发展到一定阶段后，就会代替人类。,0,1,0,2022-07-25 09:37:55,来自广东,14907086906,季文伟19700911
7124159166273028877,听过一句话：守规矩，打胜仗。,0,0,0,2022-07-25 12:17:30,来自广东,50011638531,小武2016
7124112939149230859,等机器人有自已的思想后，这一天就会到来,0,1,0,2022-07-25 09:18:17,来自江西,3387776198,海马61
7124119011297690407,机器人当警察应该不会收红包,0,1,0,2022-07-25 09:40:38,来自河北,2981483800700941,37020616
7124222116475519780,这机器适用出千的麻将桌,0,0,0,2022-07-25 16:21:34,来自辽宁,4015042681912763,6立春17
7124164924687368998,这类事情以后会越来越多,0,0,0,2022-07-25 12:40:09,来自湖北,3783088193,棉花熊L
7124163426192491275,机器人：我是故意的，教他如何做人。,0,0,0,2022-07-25 12:34:10,来自河南,111052763967,给心情放个假No1
7124217962143417128,机器人三定律不起作用？,0,0,0,2022-07-25 16:05:12,来自河南,4089605597,撒哈拉33107441
7124119399535756073,意识是什么？怎么产生的？,0,1,0,2022-07-25 09:42:23,来自北京,3132601252,午夜蓝调
7124119340421235496,人犯法要坐牢，机器人犯罪怎么办？,0,1,0,2022-07-25 09:42:08,来自湖北,2484517176874099,小熊雨儿
7124246666106651405,机器人发脾气了,0,0,0,2022-07-25 17:57:05,来自湖南,66444048441,长沙生石灰
7124159036677210921,明明就是误伤，就等于是被机器打到。,0,0,0,2022-07-25 12:16:30,来自广东,55539292880,高低远近
7124204885545517864,是人工智能还是能制人？需要严谨论证一下了！,0,0,0,2022-07-25 15:14:30,来自北京,361058072538464,直爽 晚风6n
7124114209713128227,有了自我意识，人类就危险了,0,1,0,2022-07-25 09:22:39,来自山东,4287705215928443,laij001
7124218375370605326,机器人也下急眼了[我想静静][我想静静][我想静静],0,0,0,2022-07-25 16:07:15,来自贵州,3707673622,西门吹牛儿
7124121348640965408,如果我紧急避险，砸掉机器人会怎样？,0,0,0,2022-07-25 09:49:49,来自上海,59576915702,不喝五粮醇
7124231274839540512,机器人进化了！厉害👍🏻,0,1,0,2022-07-25 16:57:48,来自宁夏,15929193481,岁月不饶朕
7124245680641819392,违反规定就暴力对待对手了？,0,1,0,2022-07-25 17:52:41,来自云南,905646917034919,坚哥
7124218596741858063,因为机器人再也忍不下去了,0,0,0,2022-07-25 16:07:42,来自广西,51625905719,唏嘘的坏蜀黍
7124330655445451520,机器人:谁叫他不按套路出手[我想静静],0,0,0,2022-07-25 23:22:44,来自广东,6597359077,立发会
7124108017242915596,阻挡别人悔棋的动作如果是程序员设计计划里的，那么这应该算是一个BUG或者疏忽，如果是所谓机器自己变异出的动作，那么人类在以后造机器人就要小心了。,0,1,0,2022-07-25 08:59:28,来自河北,3143042967,没了自由的自由人
7124221440186483464,机器人脾气不好啊，三原则要从新修改了！,0,0,0,2022-07-25 16:19:22,来自陕西,3153165762,奔跑BOOM
7124164443009106722,机器人设计应绝对保证不伤害人类，应加大机器人安全保障设置！,0,3,0,2022-07-25 12:37:20,来自河北,6966105106,衡山罗然笔墨
7124113867818763022,机器人应该有个障碍保护设计,0,1,0,2022-07-25 09:21:41,来自广西,760496462502237,野钓灵魂2
7124232662189114119,手边放一把螺丝刀 怕不怕,0,0,0,2022-07-25 17:02:28,来自北京,1724498177175565,老猫精炸酱面
7124222751266669348,来了来了来了，它们带着攻击意识来了,0,1,0,2022-07-25 16:24:17,来自江苏,3030676514800215,呵、
7124113548112102179,"说得来，好像这台机器有自我意识一样。
其实这就是一场安全事故，不要找机器背锅。",0,1,0,2022-07-25 09:20:03,来自四川,103389024401,夕子蓝衫838
7124220314787529480,这是急眼了吗？,0,0,0,2022-07-25 16:14:45,来自山东,4453114592,43楼
7124081808362963746,还是机器人比较简单：不许人耍赖！,0,56,1,2022-07-25 07:17:19,来自浙江,109677931873,微笑00707
7124118453783085836,不要用个案来代替全部，现在生产的任何物品都可能出现残次品和故障，难道因为出了车祸，大家都不坐飞机火车和汽车了吗？,0,1,0,2022-07-25 09:38:37,来自云南,4102597425,云歌轻衣
7124113669055234856,智能机器人如果具备学习能力，应该是可以自我迭代，自我完善的,0,1,0,2022-07-25 09:20:30,来自广西,100070529141,进哥James
7124128486260278029,机器人是临时工吗？,0,2,1,2022-07-25 10:17:31,来自湖北,53305228268,静夜独钓寒江雪
7124220927566955279,不要耍赖，面对机器人也一样,0,0,0,2022-07-25 16:16:46,来自广东,1472999607244766,优雅百灵鸟Nn
7124112685071270692,人固有一种思维：我创造了你，所以你得听我的……,0,1,0,2022-07-25 09:17:07,来自四川,109965512830,老的小哥哥
7124169695301174048,不守规则是要被惩罚的,0,0,0,2022-07-25 12:58:32,来自河北,92360851782,好好就够了
7124216876083364643,怕下不赢下黑手,0,0,0,2022-07-25 16:01:15,来自重庆,1935574836452878,机智的花猫U1x
7124242073972474659,一个塑胶机械手就能防止的伤害 。这搞成机械工厂安全管理了,0,0,0,2022-07-25 17:38:46,来自四川,71386771599,newnin14
7124113476117168927,机器确实恐怖，我的自行车为了表达不满，经常自己把轮胎气放掉或者故意走有钉子的路,0,1,0,2022-07-25 09:20:25,来自北京,87622503515,拒马河上走
7124244372329513739,用电子屏幕，电脑操作，也一样，，,0,0,0,2022-07-25 17:48:24,来自广东,50068213888,黄金射手1
7124116724911473448,太可怕了。,0,1,0,2022-07-25 09:32:19,,4199723092422852,聪明的橙子HI
7124239677984932644,机器人也有急眼的时候,0,0,0,2022-07-25 17:30:03,来自宁夏,52125239266,悟20206
7124118463492621056,哎，是机器人本来就要压那个地方，小孩子手来不及抽走，被压住。机器人要识别这种情况下，不要动,0,1,0,2022-07-25 09:38:38,来自福建,4089783023309607,真诚苦瓜
7124238427234550540,战斗民族就是不一样,0,0,0,2022-07-25 17:25:15,来自江苏,883660324605156,革故鼎新求真逝远
7124222231395255040,机器人被逼急了。,0,0,0,2022-07-25 16:21:45,来自陕西,85315405472,orangeade
7124282398523163431,这个机器人输不起，不讲武德？,0,2,0,2022-07-25 20:15:57,来自广东,997946583684059,南天王周塱明
7124245930106258189,思维比不上人，机器直接动武了,0,1,0,2022-07-25 17:54:06,来自陕西,5990924450,哨音
7124236909802472233,说明还有缺陷，如果能做到防夹功能就好了，就像车窗防夹手一样,0,0,0,2022-07-25 17:18:41,来自江苏,110854735812,随便耍耍888
7124198109437231908,不耍赖就不会了，机器人给了人生的一堂课，不能耍赖,0,1,0,2022-07-25 14:48:34,来自上海,5794660731,阿紫65344804
7124119856022536968,大人就没问题，小孩就这样。这绝不是机器人的问题！,0,2,0,2022-07-25 09:44:03,来自山东,105048786933,净网先锋
7124107515113079564,从文可知: 机器人伤害人并不需要预设程序，是“天然”地愤怒之举……,0,3,0,2022-07-25 08:57:18,来自湖南,3918272037398526,黄剑岩
7124217016218682153,这个程序还要加一个动态捕捉，确定安全机械臂再进行操作,0,0,0,2022-07-25 16:01:32,来自重庆,101674047343,山海境
7124110646744105767,都没错 是棋走错了,0,1,0,2022-07-25 09:09:34,来自陕西,241488515308140,静观棋变
7124117371022820134,机器能让人省力，也能让人费力,0,1,0,2022-07-25 09:35:34,来自河北,4169817967560216,芝麻ooo高
7124227530458219298,黑客的可能性？？？,0,0,0,2022-07-25 16:42:20,来自贵州,64484130440,钝根者
7124240398314767145,AI智能还远未成熟！,0,0,0,2022-07-25 17:32:28,来自河南,51089346843,wxc9871
7124183184212230945,机器不懂人会耍赖。,0,0,0,2022-07-25 13:51:08,来自江苏,96383740001,Isaiah2000
7124239075712123685,不依规矩，不成方圆，血淋淋的教训！,0,0,0,2022-07-25 17:27:40,来自贵州,5371788638,直爽饺子66
7124236001534542633,AI开始进化了,0,0,0,2022-07-25 17:15:06,来自内蒙古,100279023160,时光老宅6644
7124118267828372257,看过《未来世界》这部电影，人工智能发展到一定阶段后，就会代替人类。,0,1,0,2022-07-25 09:37:55,来自广东,14907086906,季文伟19700911
7124159166273028877,听过一句话：守规矩，打胜仗。,0,0,0,2022-07-25 12:17:30,来自广东,50011638531,小武2016
7124112939149230859,等机器人有自已的思想后，这一天就会到来,0,1,0,2022-07-25 09:18:17,来自江西,3387776198,海马61
7124119011297690407,机器人当警察应该不会收红包,0,1,0,2022-07-25 09:40:38,来自河北,2981483800700941,37020616
7124222116475519780,这机器适用出千的麻将桌,0,0,0,2022-07-25 16:21:34,来自辽宁,4015042681912763,6立春17
7124164924687368998,这类事情以后会越来越多,0,0,0,2022-07-25 12:40:09,来自湖北,3783088193,棉花熊L
7124163426192491275,机器人：我是故意的，教他如何做人。,0,0,0,2022-07-25 12:34:10,来自河南,111052763967,给心情放个假No1
7124217962143417128,机器人三定律不起作用？,0,0,0,2022-07-25 16:05:12,来自河南,4089605597,撒哈拉33107441
7124119399535756073,意识是什么？怎么产生的？,0,1,0,2022-07-25 09:42:23,来自北京,3132601252,午夜蓝调
7124119340421235496,人犯法要坐牢，机器人犯罪怎么办？,0,1,0,2022-07-25 09:42:08,来自湖北,2484517176874099,小熊雨儿
7124246666106651405,机器人发脾气了,0,0,0,2022-07-25 17:57:05,来自湖南,66444048441,长沙生石灰
7124159036677210921,明明就是误伤，就等于是被机器打到。,0,0,0,2022-07-25 12:16:30,来自广东,55539292880,高低远近
7124204885545517864,是人工智能还是能制人？需要严谨论证一下了！,0,0,0,2022-07-25 15:14:30,来自北京,361058072538464,直爽 晚风6n
7124114209713128227,有了自我意识，人类就危险了,0,1,0,2022-07-25 09:22:39,来自山东,4287705215928443,laij001
7124218375370605326,机器人也下急眼了[我想静静][我想静静][我想静静],0,0,0,2022-07-25 16:07:15,来自贵州,3707673622,西门吹牛儿
7124121348640965408,如果我紧急避险，砸掉机器人会怎样？,0,0,0,2022-07-25 09:49:49,来自上海,59576915702,不喝五粮醇
7124231274839540512,机器人进化了！厉害👍🏻,0,1,0,2022-07-25 16:57:48,来自宁夏,15929193481,岁月不饶朕
7124233804948128547,"工人操作车床太快，车床急了，竟夹断其手指。
自杀者坠落速度太快，地面急了，竟撞碎其脑袋",0,15,0,2022-07-25 17:06:42,来自陕西,945179225763099,蒙面蟹契约
7124245680641819392,违反规定就暴力对待对手了？,0,1,0,2022-07-25 17:52:41,来自云南,905646917034919,坚哥
7124218596741858063,因为机器人再也忍不下去了,0,0,0,2022-07-25 16:07:42,来自广西,51625905719,唏嘘的坏蜀黍
7124330655445451520,机器人:谁叫他不按套路出手[我想静静],0,0,0,2022-07-25 23:22:44,来自广东,6597359077,立发会
